bboxes and plates detected:
[288, 222, 25, 23] 
[53, 288, 33, 28] NAIZNRU
[282, 226, 36, 20] 
[46, 295, 47, 23] SNAIZNRU
[49, 301, 38, 22] 8NAIZNRU
[48, 305, 37, 23] 8NAIZNRU
[293, 233, 21, 24] MS
[47, 309, 38, 25] SAIMRU
[48, 314, 36, 21] MAISNRU
[45, 316, 39, 27] SSMAISNRU
[45, 326, 40, 23] NAISNRU
[44, 327, 41, 26] BNAIDNRU
[120, 138, 20, 25] BGI50
[290, 251, 27, 20] 
[50, 333, 30, 23] NAIQNRU
[119, 142, 23, 24] BGXI5OG
[292, 257, 24, 19] 
[118, 144, 26, 21] 
[289, 259, 29, 22] MWSYSU
[36, 344, 51, 23] LSNAIGNRU
[115, 153, 33, 19] AGISGG
[288, 261, 33, 25] YSYSU
[42, 349, 38, 24] NAIZNRU
[293, 264, 23, 23] MYSYS
[35, 353, 49, 25] BNAIZNRU
[117, 152, 26, 24] BGXISOG
[291, 273, 27, 20] 
[34, 355, 50, 36] 0NAI3NRU
[117, 155, 25, 22] 8O65
[290, 275, 29, 21] 
[42, 366, 36, 21] BNAIDNRU
[114, 158, 31, 22] ESR
[291, 279, 29, 22] 
[36, 370, 45, 24] BENAIANRU4
[115, 161, 27, 23] EEGI5OG
[295, 280, 23, 24] 
[38, 374, 40, 29] NAI3NRU
[294, 286, 24, 26] 
[39, 383, 34, 23] NAI3NRU
[112, 169, 35, 20] 
[290, 289, 34, 24] 
[36, 389, 35, 23] BHAINEU
[112, 167, 33, 24] GJ
[290, 295, 34, 22] 
[36, 394, 38, 18] 
[293, 298, 29, 24] 
[34, 397, 39, 14] 
[112, 174, 23, 24] 5O
[293, 303, 29, 24] 
[111, 176, 26, 22] Y
[291, 306, 38, 21] MVSFSU
[295, 309, 33, 30] 
[114, 183, 20, 24] PCXI5OG
[297, 313, 31, 29] 
[112, 184, 26, 21] C5G6
[295, 319, 39, 25] 
[114, 187, 20, 25] CRISOG
[300, 325, 32, 27] 
[112, 188, 22, 31] 
[303, 327, 27, 32] 
[108, 192, 24, 24] 
[299, 332, 33, 28] 
[111, 194, 26, 30] 
[108, 202, 24, 22] GISO
[109, 200, 28, 23] J
[300, 347, 32, 28] 
[112, 206, 17, 23] 
[107, 209, 23, 22] BISOC
[107, 211, 26, 20] 
[105, 216, 30, 20] 
[105, 215, 29, 21] H
[306, 375, 29, 24] 
[104, 220, 24, 23] 
[308, 380, 28, 27] 
[102, 220, 24, 23] GOF
[310, 383, 27, 27] 
[100, 226, 26, 20] EB
[310, 390, 33, 21] 
[103, 231, 26, 22] BGIJ
[312, 394, 32, 18] 
[99, 235, 28, 19] 
[304, 400, 46, 12] 
[100, 240, 25, 22] IGXIOC
[100, 242, 27, 21] B
[100, 247, 25, 23] GYI6
[96, 250, 31, 21] C5065
[101, 252, 24, 23] LGXISOG
[95, 256, 33, 23] OJ
[113, 111, 19, 21] 
[99, 262, 28, 21] AGOG
[96, 266, 32, 19] 
[99, 269, 22, 24] GXI5OG
[95, 271, 26, 25] GXISOG
[112, 122, 20, 20] 
[98, 275, 23, 30] GXISOG
[112, 121, 18, 21] 
[93, 280, 31, 25] J
[112, 123, 21, 19] 
[94, 287, 27, 24] IGX0
[111, 127, 23, 17] 
[93, 291, 27, 27] ICXISOG
[112, 128, 17, 18] 
[95, 292, 28, 27] GXISOGIE
[112, 129, 20, 19] 
[93, 302, 26, 19] CXSOGL
[109, 130, 21, 18] 
[92, 304, 27, 21] GISOCS
[108, 130, 23, 19] 
[89, 305, 34, 31] G
[111, 136, 16, 21] 
[85, 316, 36, 20] EG
[111, 137, 18, 20] 
[87, 317, 28, 22] 5GXO
[111, 138, 15, 19] 8
[81, 324, 37, 25] GISOG
[111, 138, 17, 20] 
[78, 328, 39, 20] P
[110, 142, 18, 18] 
[81, 333, 33, 20] T
[111, 143, 15, 19] 
[86, 337, 24, 24] GI506
[109, 147, 15, 15] 
[265, 187, 20, 21] 
[84, 342, 27, 23] GOG
[108, 147, 17, 15] 
[263, 190, 22, 24] 4
[81, 348, 29, 22] 8GXISOG
[107, 155, 16, 17] 
[262, 192, 25, 23] 
[83, 350, 27, 24] GISOG
[108, 155, 14, 18] 
[85, 358, 24, 23] ISOG
[108, 154, 14, 17] 
[263, 199, 23, 24] 
[79, 367, 26, 24] GISOG
[308, 360, 28, 19] 
[106, 157, 16, 16] 
[265, 203, 21, 20] 
[73, 369, 36, 23] 
[306, 362, 30, 18] 
[106, 160, 15, 15] 
[265, 203, 20, 19] 
[307, 367, 27, 21] 
[75, 380, 35, 21] BISOG
[104, 162, 19, 16] 
[264, 206, 22, 21] 
[73, 385, 33, 22] E
[310, 372, 24, 26] LMI
[105, 162, 17, 15] 
[264, 207, 22, 24] 
[69, 386, 39, 23] SA
[310, 374, 24, 25] 
[104, 169, 17, 17] 
[312, 384, 25, 26] LISYC
[67, 396, 43, 14] 
[104, 171, 18, 16] 
[63, 397, 47, 11] 
[306, 386, 33, 27] LMICY
[102, 172, 22, 14] 
[268, 216, 22, 23] POSJEO
[307, 391, 36, 21] 8
[98, 172, 24, 19] 
[268, 217, 20, 23] 4
[305, 394, 40, 18] 
[102, 176, 21, 14] 
[270, 217, 21, 26] 
[308, 395, 37, 17] 
[96, 179, 25, 18] 
[268, 225, 23, 22] 
[97, 180, 23, 17] 
[95, 185, 23, 20] 
[266, 231, 27, 23] 
[95, 188, 23, 16] 
[267, 231, 27, 26] 
[96, 189, 21, 16] 5T
[267, 235, 26, 23] 
[95, 192, 22, 20] 
[267, 238, 27, 26] 2
[94, 192, 25, 19] 
[93, 193, 23, 23] 
[271, 247, 22, 25] APDSJEI
[95, 199, 19, 22] 
[272, 250, 21, 25] APOSJE
[94, 200, 22, 20] 
[273, 250, 22, 25] 
[92, 202, 20, 20] 
[271, 258, 25, 18] APOSJ
[89, 205, 22, 21] 
[269, 262, 29, 26] 
[91, 208, 23, 20] 
[268, 265, 28, 23] 
[92, 210, 19, 20] 
[270, 269, 28, 19] 
[91, 213, 22, 25] ZZF
[93, 218, 19, 20] 
[90, 219, 18, 19] 
[278, 280, 21, 21] 
[87, 222, 23, 22] KHOS73
[276, 284, 25, 21] APOSJEO
[88, 224, 22, 22] HOS77
[277, 287, 26, 24] 
[89, 231, 21, 21] 
[87, 234, 23, 20] 
[275, 296, 27, 24] 
[88, 237, 21, 22] KOS27
[277, 300, 26, 22] APOSJEC
[86, 240, 23, 20] 
[278, 304, 26, 22] APOSJEL
[87, 243, 22, 20] 
[278, 309, 28, 23] APOSJEO
[87, 247, 20, 20] 
[277, 311, 27, 24] LAPOSJE
[87, 249, 19, 22] 
[282, 316, 26, 25] 
[83, 254, 27, 21] 
[280, 325, 25, 23] APOSJE
[84, 257, 26, 21] 
[278, 329, 27, 22] 1LAPOSJE
[80, 261, 25, 23] 
[284, 332, 24, 23] POSJ
[81, 264, 23, 20] 
[283, 335, 26, 23] 
[77, 270, 30, 22] 
[283, 342, 25, 24] 
[76, 273, 30, 20] 
[283, 347, 28, 22] 
[78, 279, 26, 21] EROSFF
[283, 351, 29, 22] APDSJEC
[74, 281, 27, 20] 
[283, 359, 31, 22] APDSJED
[75, 283, 26, 21] 
[284, 358, 29, 25] 
[74, 288, 26, 22] 
[283, 365, 33, 21] APUSJED
[71, 295, 25, 22] 
[70, 297, 27, 19] 
[290, 378, 30, 19] APOSJEO
[71, 300, 26, 23] 
[286, 379, 37, 23] OAPOSJED
